g = (1, 2, 4, 6, 8, 10, 12, 13, 11, 9, 7, 5, 3)
h = (2, 6, 9)(3, 7, 8)(4, 12, 10)(5, 13, 11)
Conjugacy Classes of group G
----------------------------
[1]     Order 1       Length 1      
Rep Id(G)

[2]     Order 3       Length 13     
Rep (1, 6, 3)(2, 12, 11)(4, 9, 8)(5, 7, 13)

[3]     Order 3       Length 13     
Rep (1, 3, 6)(2, 11, 12)(4, 8, 9)(5, 13, 7)

[4]     Order 13      Length 3      
Rep (1, 2, 4, 6, 8, 10, 12, 13, 11, 9, 7, 5, 3)

[5]     Order 13      Length 3      
Rep (1, 4, 8, 12, 11, 7, 3, 2, 6, 10, 13, 9, 5)

[6]     Order 13      Length 3      
Rep (1, 8, 11, 3, 6, 13, 5, 4, 12, 7, 2, 10, 9)

[7]     Order 13      Length 3      
Rep (1, 13, 2, 11, 4, 9, 6, 7, 8, 5, 10, 3, 12)

