g = (1, 2, 4, 6, 8, 10, 12, 14, 15, 13, 11, 9, 7, 5, 3)
h = (2, 8)(3, 9)(4, 15)(5, 14)(6, 7)(12, 13)
Conjugacy Classes of group G
----------------------------
[1]     Order 1       Length 1      
Rep Id(G)

[2]     Order 2       Length 5      
Rep (1, 13)(2, 5)(3, 10)(6, 12)(8, 11)(9, 15)

[3]     Order 3       Length 1      
Rep (1, 10, 11)(2, 12, 9)(3, 8, 13)(4, 14, 7)(5, 6, 15)

[4]     Order 3       Length 1      
Rep (1, 11, 10)(2, 9, 12)(3, 13, 8)(4, 7, 14)(5, 15, 6)

[5]     Order 5       Length 2      
Rep (1, 6, 12, 13, 7)(2, 8, 14, 11, 5)(3, 4, 10, 15, 9)

[6]     Order 5       Length 2      
Rep (1, 12, 7, 6, 13)(2, 14, 5, 8, 11)(3, 10, 9, 4, 15)

[7]     Order 6       Length 5      
Rep (1, 8, 10, 13, 11, 3)(2, 15, 12, 5, 9, 6)(4, 7, 14)

[8]     Order 6       Length 5      
Rep (1, 3, 11, 13, 10, 8)(2, 6, 9, 5, 12, 15)(4, 14, 7)

[9]     Order 15      Length 2      
Rep (1, 2, 4, 6, 8, 10, 12, 14, 15, 13, 11, 9, 7, 5, 3)

[10]    Order 15      Length 2      
Rep (1, 4, 8, 12, 15, 11, 7, 3, 2, 6, 10, 14, 13, 9, 5)

[11]    Order 15      Length 2      
Rep (1, 14, 3, 12, 5, 10, 7, 8, 9, 6, 11, 4, 13, 2, 15)

[12]    Order 15      Length 2      
Rep (1, 9, 14, 6, 3, 11, 12, 4, 5, 13, 10, 2, 7, 15, 8)

