g = (1, 2, 4, 6, 8, 10, 12, 14, 16, 15, 13, 11, 9, 7, 5, 3)
h = (2, 14)(3, 15)(4, 5)(6, 10)(7, 11)(8, 9)(12, 13)
Conjugacy Classes of group G
----------------------------
[1]     Order 1       Length 1      
Rep Id(G)

[2]     Order 2       Length 1      
Rep (1, 16)(2, 15)(3, 14)(4, 13)(5, 12)(6, 11)(7, 10)(8, 9)

[3]     Order 2       Length 8      
Rep (1, 16)(2, 3)(4, 12)(5, 13)(6, 7)(10, 11)(14, 15)

[4]     Order 4       Length 2      
Rep (1, 8, 16, 9)(2, 10, 15, 7)(3, 6, 14, 11)(4, 12, 13, 5)

[5]     Order 4       Length 8      
Rep (1, 14, 16, 3)(2, 5, 15, 12)(4, 10, 13, 7)(6, 9, 11, 8)

[6]     Order 8       Length 2      
Rep (1, 4, 8, 12, 16, 13, 9, 5)(2, 6, 10, 14, 15, 11, 7, 3)

[7]     Order 8       Length 2      
Rep (1, 12, 9, 4, 16, 5, 8, 13)(2, 14, 7, 6, 15, 3, 10, 11)

[8]     Order 16      Length 2      
Rep (1, 2, 4, 6, 8, 10, 12, 14, 16, 15, 13, 11, 9, 7, 5, 3)

[9]     Order 16      Length 2      
Rep (1, 6, 12, 15, 9, 3, 4, 10, 16, 11, 5, 2, 8, 14, 13, 7)

[10]    Order 16      Length 2      
Rep (1, 3, 5, 7, 9, 11, 13, 15, 16, 14, 12, 10, 8, 6, 4, 2)

[11]    Order 16      Length 2      
Rep (1, 7, 13, 14, 8, 2, 5, 11, 16, 10, 4, 3, 9, 15, 12, 6)

