g = (1, 2, 4, 6, 8, 10, 12, 14, 16, 18, 19, 17, 15, 13, 11, 9, 7, 5, 3)
h = (2, 14, 17)(3, 15, 16)(4, 11, 6)(5, 10, 7)(8, 18, 12)(9, 19, 13)
Conjugacy Classes of group G
----------------------------
[1]     Order 1       Length 1      
Rep Id(G)

[2]     Order 3       Length 19     
Rep (1, 14, 3)(2, 11, 19)(5, 15, 9)(6, 18, 13)(7, 10, 8)(12, 17, 16)

[3]     Order 3       Length 19     
Rep (1, 3, 14)(2, 19, 11)(5, 9, 15)(6, 13, 18)(7, 8, 10)(12, 16, 17)

[4]     Order 19      Length 3      
Rep (1, 2, 4, 6, 8, 10, 12, 14, 16, 18, 19, 17, 15, 13, 11, 9, 7, 5, 3)

[5]     Order 19      Length 3      
Rep (1, 4, 8, 12, 16, 19, 15, 11, 7, 3, 2, 6, 10, 14, 18, 17, 13, 9, 5)

[6]     Order 19      Length 3      
Rep (1, 3, 5, 7, 9, 11, 13, 15, 17, 19, 18, 16, 14, 12, 10, 8, 6, 4, 2)

[7]     Order 19      Length 3      
Rep (1, 5, 9, 13, 17, 18, 14, 10, 6, 2, 3, 7, 11, 15, 19, 16, 12, 8, 4)

[8]     Order 19      Length 3      
Rep (1, 8, 16, 15, 7, 2, 10, 18, 13, 5, 4, 12, 19, 11, 3, 6, 14, 17, 9)

[9]     Order 19      Length 3      
Rep (1, 19, 2, 17, 4, 15, 6, 13, 8, 11, 10, 9, 12, 7, 14, 5, 16, 3, 18)

