g = (1, 2, 4, 6, 8, 10, 12, 11, 9, 7, 5, 3)
h = (2, 11)(3, 10)(6, 7)
Conjugacy Classes of group G
----------------------------
[1]     Order 1       Length 1      
Rep Id(G)

[2]     Order 2       Length 1      
Rep (1, 12)(2, 11)(3, 10)(4, 9)(5, 8)(6, 7)

[3]     Order 2       Length 2      
Rep (1, 6)(2, 5)(3, 9)(4, 10)(7, 12)(8, 11)

[4]     Order 2       Length 2      
Rep (2, 11)(3, 10)(6, 7)

[5]     Order 3       Length 1      
Rep (1, 8, 9)(2, 10, 7)(3, 6, 11)(4, 12, 5)

[6]     Order 3       Length 1      
Rep (1, 9, 8)(2, 7, 10)(3, 11, 6)(4, 5, 12)

[7]     Order 4       Length 2      
Rep (1, 6, 12, 7)(2, 8, 11, 5)(3, 4, 10, 9)

[8]     Order 6       Length 1      
Rep (1, 4, 8, 12, 9, 5)(2, 6, 10, 11, 7, 3)

[9]     Order 6       Length 1      
Rep (1, 5, 9, 12, 8, 4)(2, 3, 7, 11, 10, 6)

[10]    Order 6       Length 2      
Rep (1, 11, 9, 6, 8, 3)(2, 4, 7, 5, 10, 12)

[11]    Order 6       Length 2      
Rep (1, 3, 8, 6, 9, 11)(2, 12, 10, 5, 7, 4)

[12]    Order 6       Length 2      
Rep (1, 9, 8)(2, 6, 10, 11, 7, 3)(4, 5, 12)

[13]    Order 6       Length 2      
Rep (1, 8, 9)(2, 3, 7, 11, 10, 6)(4, 12, 5)

[14]    Order 12      Length 2      
Rep (1, 2, 4, 6, 8, 10, 12, 11, 9, 7, 5, 3)

[15]    Order 12      Length 2      
Rep (1, 10, 5, 6, 9, 2, 12, 3, 8, 7, 4, 11)

