g = (1, 2, 4, 6, 8, 10, 12, 14, 16, 15, 13, 11, 9, 7, 5, 3)
h = (2, 15)(3, 14)(6, 11)(7, 10)
Conjugacy Classes of group G
----------------------------
[1]     Order 1       Length 1      
Rep Id(G)

[2]     Order 2       Length 1      
Rep (1, 16)(2, 15)(3, 14)(4, 13)(5, 12)(6, 11)(7, 10)(8, 9)

[3]     Order 2       Length 2      
Rep (1, 16)(4, 13)(5, 12)(8, 9)

[4]     Order 4       Length 1      
Rep (1, 8, 16, 9)(2, 10, 15, 7)(3, 6, 14, 11)(4, 12, 13, 5)

[5]     Order 4       Length 1      
Rep (1, 9, 16, 8)(2, 7, 15, 10)(3, 11, 14, 6)(4, 5, 13, 12)

[6]     Order 4       Length 2      
Rep (1, 8, 16, 9)(2, 7, 15, 10)(3, 11, 14, 6)(4, 12, 13, 5)

[7]     Order 8       Length 1      
Rep (1, 4, 8, 12, 16, 13, 9, 5)(2, 6, 10, 14, 15, 11, 7, 3)

[8]     Order 8       Length 1      
Rep (1, 12, 9, 4, 16, 5, 8, 13)(2, 14, 7, 6, 15, 3, 10, 11)

[9]     Order 8       Length 1      
Rep (1, 13, 8, 5, 16, 4, 9, 12)(2, 11, 10, 3, 15, 6, 7, 14)

[10]    Order 8       Length 1      
Rep (1, 5, 9, 13, 16, 12, 8, 4)(2, 3, 7, 11, 15, 14, 10, 6)

[11]    Order 8       Length 2      
Rep (1, 13, 8, 5, 16, 4, 9, 12)(2, 6, 10, 14, 15, 11, 7, 3)

[12]    Order 8       Length 2      
Rep (1, 5, 9, 13, 16, 12, 8, 4)(2, 14, 7, 6, 15, 3, 10, 11)

[13]    Order 16      Length 2      
Rep (1, 2, 4, 6, 8, 10, 12, 14, 16, 15, 13, 11, 9, 7, 5, 3)

[14]    Order 16      Length 2      
Rep (1, 6, 12, 15, 9, 3, 4, 10, 16, 11, 5, 2, 8, 14, 13, 7)

[15]    Order 16      Length 2      
Rep (1, 10, 13, 3, 8, 15, 5, 6, 16, 7, 4, 14, 9, 2, 12, 11)

[16]    Order 16      Length 2      
Rep (1, 14, 5, 10, 9, 6, 13, 2, 16, 3, 12, 7, 8, 11, 4, 15)

[17]    Order 16      Length 2      
Rep (1, 15, 13, 6, 8, 7, 5, 14, 16, 2, 4, 11, 9, 10, 12, 3)

[18]    Order 16      Length 2      
Rep (1, 6, 5, 2, 9, 3, 13, 7, 16, 11, 12, 15, 8, 14, 4, 10)

[19]    Order 16      Length 2      
Rep (1, 7, 4, 3, 8, 2, 12, 6, 16, 10, 13, 14, 9, 15, 5, 11)

[20]    Order 16      Length 2      
Rep (1, 14, 12, 7, 9, 6, 4, 15, 16, 3, 5, 10, 8, 11, 13, 2)

