g = (1, 2, 4, 6, 8, 10, 12, 14, 16, 18, 17, 15, 13, 11, 9, 7, 5, 3)
h = (2, 14, 11)(3, 15, 10)(4, 9, 16)(5, 8, 17)
Conjugacy Classes of group G
----------------------------
[1]     Order 1       Length 1      
Rep Id(G)

[2]     Order 2       Length 1      
Rep (1, 18)(2, 17)(3, 16)(4, 15)(5, 14)(6, 13)(7, 12)(8, 11)(9, 10)

[3]     Order 3       Length 1      
Rep (1, 12, 13)(2, 14, 11)(3, 10, 15)(4, 16, 9)(5, 8, 17)(6, 18, 7)

[4]     Order 3       Length 1      
Rep (1, 13, 12)(2, 11, 14)(3, 15, 10)(4, 9, 16)(5, 17, 8)(6, 7, 18)

[5]     Order 3       Length 3      
Rep (1, 12, 13)(2, 11, 14)(5, 17, 8)(6, 18, 7)

[6]     Order 3       Length 3      
Rep (1, 13, 12)(2, 14, 11)(5, 8, 17)(6, 7, 18)

[7]     Order 6       Length 1      
Rep (1, 6, 12, 18, 13, 7)(2, 8, 14, 17, 11, 5)(3, 4, 10, 16, 15, 9)

[8]     Order 6       Length 1      
Rep (1, 7, 13, 18, 12, 6)(2, 5, 11, 17, 14, 8)(3, 9, 15, 16, 10, 4)

[9]     Order 6       Length 3      
Rep (1, 18)(2, 8, 14, 17, 11, 5)(3, 9, 15, 16, 10, 4)(6, 13)(7, 12)

[10]    Order 6       Length 3      
Rep (1, 18)(2, 5, 11, 17, 14, 8)(3, 4, 10, 16, 15, 9)(6, 13)(7, 12)

[11]    Order 9       Length 3      
Rep (1, 4, 8, 12, 16, 17, 13, 9, 5)(2, 6, 10, 14, 18, 15, 11, 7, 3)

[12]    Order 9       Length 3      
Rep (1, 8, 16, 13, 5, 4, 12, 17, 9)(2, 10, 18, 11, 3, 6, 14, 15, 7)

[13]    Order 9       Length 3      
Rep (1, 4, 17, 12, 16, 5, 13, 9, 8)(2, 7, 3, 14, 6, 10, 11, 18, 15)

[14]    Order 9       Length 3      
Rep (1, 17, 16, 13, 8, 4, 12, 5, 9)(2, 3, 6, 11, 15, 7, 14, 10, 18)

[15]    Order 9       Length 3      
Rep (1, 4, 5, 12, 16, 8, 13, 9, 17)(2, 18, 15, 14, 7, 3, 11, 6, 10)

[16]    Order 9       Length 3      
Rep (1, 5, 16, 13, 17, 4, 12, 8, 9)(2, 15, 7, 11, 10, 18, 14, 3, 6)

[17]    Order 18      Length 3      
Rep (1, 2, 4, 6, 8, 10, 12, 14, 16, 18, 17, 15, 13, 11, 9, 7, 5, 3)

[18]    Order 18      Length 3      
Rep (1, 10, 17, 7, 4, 14, 13, 3, 8, 18, 9, 2, 12, 15, 5, 6, 16, 11)

[19]    Order 18      Length 3      
Rep (1, 14, 4, 6, 17, 10, 12, 11, 16, 18, 5, 15, 13, 2, 9, 7, 8, 3)

[20]    Order 18      Length 3      
Rep (1, 10, 5, 7, 4, 11, 13, 3, 17, 18, 9, 14, 12, 15, 8, 6, 16, 2)

[21]    Order 18      Length 3      
Rep (1, 11, 4, 6, 5, 10, 12, 2, 16, 18, 8, 15, 13, 14, 9, 7, 17, 3)

[22]    Order 18      Length 3      
Rep (1, 10, 8, 7, 4, 2, 13, 3, 5, 18, 9, 11, 12, 15, 17, 6, 16, 14)

