g = (1, 2, 4, 6, 8, 10, 12, 14, 13, 11, 9, 7, 5, 3)
h = (2, 11, 7)(3, 10, 6)(4, 8, 13)(5, 9, 12)
Conjugacy Classes of group G
----------------------------
[1]     Order 1       Length 1      
Rep Id(G)

[2]     Order 2       Length 1      
Rep (1, 14)(2, 13)(3, 12)(4, 11)(5, 10)(6, 9)(7, 8)

[3]     Order 3       Length 7      
Rep (1, 12, 4)(2, 6, 7)(3, 11, 14)(8, 13, 9)

[4]     Order 3       Length 7      
Rep (1, 4, 12)(2, 7, 6)(3, 14, 11)(8, 9, 13)

[5]     Order 6       Length 7      
Rep (1, 11, 12, 14, 4, 3)(2, 8, 6, 13, 7, 9)(5, 10)

[6]     Order 6       Length 7      
Rep (1, 3, 4, 14, 12, 11)(2, 9, 7, 13, 6, 8)(5, 10)

[7]     Order 7       Length 3      
Rep (1, 4, 8, 12, 13, 9, 5)(2, 6, 10, 14, 11, 7, 3)

[8]     Order 7       Length 3      
Rep (1, 5, 9, 13, 12, 8, 4)(2, 3, 7, 11, 14, 10, 6)

[9]     Order 14      Length 3      
Rep (1, 2, 4, 6, 8, 10, 12, 14, 13, 11, 9, 7, 5, 3)

[10]    Order 14      Length 3      
Rep (1, 6, 12, 11, 5, 2, 8, 14, 9, 3, 4, 10, 13, 7)

