g = (1, 2, 4, 6, 8, 10, 12, 14, 15, 13, 11, 9, 7, 5, 3)
h = (2, 9)(3, 8)(4, 14)(5, 15)(10, 11)
Conjugacy Classes of group G
----------------------------
[1]     Order 1       Length 1      
Rep Id(G)

[2]     Order 2       Length 3      
Rep (1, 10)(3, 13)(4, 7)(6, 15)(9, 12)

[3]     Order 3       Length 2      
Rep (1, 10, 11)(2, 12, 9)(3, 8, 13)(4, 14, 7)(5, 6, 15)

[4]     Order 5       Length 1      
Rep (1, 6, 12, 13, 7)(2, 8, 14, 11, 5)(3, 4, 10, 15, 9)

[5]     Order 5       Length 1      
Rep (1, 7, 13, 12, 6)(2, 5, 11, 14, 8)(3, 9, 15, 10, 4)

[6]     Order 5       Length 1      
Rep (1, 13, 6, 7, 12)(2, 11, 8, 5, 14)(3, 15, 4, 9, 10)

[7]     Order 5       Length 1      
Rep (1, 12, 7, 6, 13)(2, 14, 5, 8, 11)(3, 10, 9, 4, 15)

[8]     Order 10      Length 3      
Rep (1, 9, 7, 15, 13, 10, 12, 4, 6, 3)(2, 14, 5, 8, 11)

[9]     Order 10      Length 3      
Rep (1, 15, 12, 3, 7, 10, 6, 9, 13, 4)(2, 8, 14, 11, 5)

[10]    Order 10      Length 3      
Rep (1, 4, 13, 9, 6, 10, 7, 3, 12, 15)(2, 5, 11, 14, 8)

[11]    Order 10      Length 3      
Rep (1, 3, 6, 4, 12, 10, 13, 15, 7, 9)(2, 11, 8, 5, 14)

[12]    Order 15      Length 2      
Rep (1, 2, 4, 6, 8, 10, 12, 14, 15, 13, 11, 9, 7, 5, 3)

[13]    Order 15      Length 2      
Rep (1, 4, 8, 12, 15, 11, 7, 3, 2, 6, 10, 14, 13, 9, 5)

[14]    Order 15      Length 2      
Rep (1, 8, 15, 7, 2, 10, 13, 5, 4, 12, 11, 3, 6, 14, 9)

[15]    Order 15      Length 2      
Rep (1, 5, 9, 13, 14, 10, 6, 2, 3, 7, 11, 15, 12, 8, 4)

