g = (1, 2, 4, 6, 8, 10, 12, 11, 9, 7, 5, 3)
h = (2, 10)(3, 11)(4, 5)(8, 9)
Conjugacy Classes of group G
----------------------------
[1]     Order 1       Length 1      
Rep Id(G)

[2]     Order 2       Length 1      
Rep (1, 12)(2, 11)(3, 10)(4, 9)(5, 8)(6, 7)

[3]     Order 2       Length 3      
Rep (1, 12)(2, 3)(4, 8)(5, 9)(6, 7)(10, 11)

[4]     Order 2       Length 3      
Rep (1, 8)(2, 7)(5, 12)(6, 11)

[5]     Order 3       Length 2      
Rep (1, 8, 9)(2, 10, 7)(3, 6, 11)(4, 12, 5)

[6]     Order 4       Length 1      
Rep (1, 6, 12, 7)(2, 8, 11, 5)(3, 4, 10, 9)

[7]     Order 4       Length 1      
Rep (1, 7, 12, 6)(2, 5, 11, 8)(3, 9, 10, 4)

[8]     Order 4       Length 3      
Rep (1, 10, 12, 3)(2, 5, 11, 8)(4, 6, 9, 7)

[9]     Order 4       Length 3      
Rep (1, 3, 12, 10)(2, 8, 11, 5)(4, 7, 9, 6)

[10]    Order 6       Length 2      
Rep (1, 4, 8, 12, 9, 5)(2, 6, 10, 11, 7, 3)

[11]    Order 12      Length 2      
Rep (1, 2, 4, 6, 8, 10, 12, 11, 9, 7, 5, 3)

[12]    Order 12      Length 2      
Rep (1, 11, 4, 7, 8, 3, 12, 2, 9, 6, 5, 10)

