x = (1, 2, 4, 6, 8, 10, 12, 11, 9, 7, 5, 3)
y = (2, 10)(3, 11)(4, 5)(8, 9)


Character Table of Group G
--------------------------


------------------------------------------------
Class |   1  2  3  4  5    6    7  8  9 10 11 12
Size  |   1  1  3  3  2    1    1  3  3  2  2  2
Order |   1  2  2  2  3    4    4  4  4  6 12 12
------------------------------------------------
p  =  2   1  1  1  1  5    2    2  2  2  5 10 10
p  =  3   1  2  3  4  1    7    6  9  8  2  6  7
------------------------------------------------
X.1   +   1  1  1  1  1    1    1  1  1  1  1  1
X.2   +   1  1 -1 -1  1    1    1 -1 -1  1  1  1
X.3   +   1  1  1  1  1   -1   -1 -1 -1  1 -1 -1
X.4   +   1  1 -1 -1  1   -1   -1  1  1  1 -1 -1
X.5   0   1 -1  1 -1  1    I   -I  I -I -1 -I  I
X.6   0   1 -1 -1  1  1    I   -I -I  I -1 -I  I
X.7   0   1 -1  1 -1  1   -I    I -I  I -1  I -I
X.8   0   1 -1 -1  1  1   -I    I  I -I -1  I -I
X.9   +   2  2  0  0 -1    2    2  0  0 -1 -1 -1
X.10  +   2  2  0  0 -1   -2   -2  0  0 -1  1  1
X.11  0   2 -2  0  0 -1 -2*I  2*I  0  0  1 -I  I
X.12  0   2 -2  0  0 -1  2*I -2*I  0  0  1  I -I


Explanation of Character Value Symbols
--------------------------------------

I = RootOfUnity(4)

