g = (1, 2, 4, 6, 8, 10, 12, 14, 16, 18, 20, 19, 17, 15, 13, 11, 9, 7, 5, 3)
h = (2, 19)(3, 18)(6, 15)(7, 14)(10, 11)
Conjugacy Classes of group G
----------------------------
[1]     Order 1       Length 1      
Rep Id(G)

[2]     Order 2       Length 1      
Rep (1, 20)(2, 19)(3, 18)(4, 17)(5, 16)(6, 15)(7, 14)(8, 13)(9, 12)(10, 11)

[3]     Order 2       Length 2      
Rep (1, 11)(2, 12)(3, 8)(4, 7)(5, 15)(6, 16)(9, 19)(10, 20)(13, 18)(14, 17)

[4]     Order 2       Length 2      
Rep (2, 19)(3, 18)(6, 15)(7, 14)(10, 11)

[5]     Order 4       Length 2      
Rep (1, 10, 20, 11)(2, 12, 19, 9)(3, 8, 18, 13)(4, 14, 17, 7)(5, 6, 16, 15)

[6]     Order 5       Length 1      
Rep (1, 8, 16, 17, 9)(2, 10, 18, 15, 7)(3, 6, 14, 19, 11)(4, 12, 20, 13, 5)

[7]     Order 5       Length 1      
Rep (1, 16, 9, 8, 17)(2, 18, 7, 10, 15)(3, 14, 11, 6, 19)(4, 20, 5, 12, 13)

[8]     Order 5       Length 1      
Rep (1, 17, 8, 9, 16)(2, 15, 10, 7, 18)(3, 19, 6, 11, 14)(4, 13, 12, 5, 20)

[9]     Order 5       Length 1      
Rep (1, 9, 17, 16, 8)(2, 7, 15, 18, 10)(3, 11, 19, 14, 6)(4, 5, 13, 20, 12)

[10]    Order 10      Length 1      
Rep (1, 4, 8, 12, 16, 20, 17, 13, 9, 5)(2, 6, 10, 14, 18, 19, 15, 11, 7, 3)

[11]    Order 10      Length 1      
Rep (1, 12, 17, 5, 8, 20, 9, 4, 16, 13)(2, 14, 15, 3, 10, 19, 7, 6, 18, 11)

[12]    Order 10      Length 1      
Rep (1, 13, 16, 4, 9, 20, 8, 5, 17, 12)(2, 11, 18, 6, 7, 19, 10, 3, 15, 14)

[13]    Order 10      Length 1      
Rep (1, 5, 9, 13, 17, 20, 16, 12, 8, 4)(2, 3, 7, 11, 15, 19, 18, 14, 10, 6)

[14]    Order 10      Length 2      
Rep (1, 19, 17, 6, 8, 11, 9, 14, 16, 3)(2, 4, 15, 13, 10, 12, 7, 5, 18, 20)

[15]    Order 10      Length 2      
Rep (1, 6, 9, 3, 17, 11, 16, 19, 8, 14)(2, 13, 7, 20, 15, 12, 18, 4, 10, 5)

[16]    Order 10      Length 2      
Rep (1, 14, 8, 19, 16, 11, 17, 3, 9, 6)(2, 5, 10, 4, 18, 12, 15, 20, 7, 13)

[17]    Order 10      Length 2      
Rep (1, 3, 16, 14, 9, 11, 8, 6, 17, 19)(2, 20, 18, 5, 7, 12, 10, 13, 15, 4)

[18]    Order 10      Length 2      
Rep (1, 17, 8, 9, 16)(2, 6, 10, 14, 18, 19, 15, 11, 7, 3)(4, 13, 12, 5, 20)

[19]    Order 10      Length 2      
Rep (1, 9, 17, 16, 8)(2, 14, 15, 3, 10, 19, 7, 6, 18, 11)(4, 5, 13, 20, 12)

[20]    Order 10      Length 2      
Rep (1, 8, 16, 17, 9)(2, 11, 18, 6, 7, 19, 10, 3, 15, 14)(4, 12, 20, 13, 5)

[21]    Order 10      Length 2      
Rep (1, 16, 9, 8, 17)(2, 3, 7, 11, 15, 19, 18, 14, 10, 6)(4, 20, 5, 12, 13)

[22]    Order 20      Length 2      
Rep (1, 2, 4, 6, 8, 10, 12, 14, 16, 18, 20, 19, 17, 15, 13, 11, 9, 7, 5, 3)

[23]    Order 20      Length 2      
Rep (1, 6, 12, 18, 17, 11, 5, 2, 8, 14, 20, 15, 9, 3, 4, 10, 16, 19, 13, 7)

[24]    Order 20      Length 2      
Rep (1, 14, 13, 2, 16, 11, 4, 18, 9, 6, 20, 7, 8, 19, 5, 10, 17, 3, 12, 15)

[25]    Order 20      Length 2      
Rep (1, 18, 5, 14, 9, 10, 13, 6, 17, 2, 20, 3, 16, 7, 12, 11, 8, 15, 4, 19)

