g = (1, 2, 4, 6, 8, 10, 12, 14, 16, 18, 20, 19, 17, 15, 13, 11, 9, 7, 5, 3)
h = (2, 18)(3, 19)(4, 5)(6, 14)(7, 15)(8, 9)(12, 13)(16, 17)
Conjugacy Classes of group G
----------------------------
[1]     Order 1       Length 1      
Rep Id(G)

[2]     Order 2       Length 1      
Rep (1, 20)(2, 19)(3, 18)(4, 17)(5, 16)(6, 15)(7, 14)(8, 13)(9, 12)(10, 11)

[3]     Order 2       Length 5      
Rep (1, 20)(2, 3)(4, 16)(5, 17)(6, 7)(8, 12)(9, 13)(10, 11)(14, 15)(18, 19)

[4]     Order 2       Length 5      
Rep (1, 16)(2, 7)(4, 12)(5, 20)(6, 11)(9, 17)(10, 15)(14, 19)

[5]     Order 4       Length 1      
Rep (1, 10, 20, 11)(2, 12, 19, 9)(3, 8, 18, 13)(4, 14, 17, 7)(5, 6, 16, 15)

[6]     Order 4       Length 1      
Rep (1, 11, 20, 10)(2, 9, 19, 12)(3, 13, 18, 8)(4, 7, 17, 14)(5, 15, 16, 6)

[7]     Order 4       Length 5      
Rep (1, 18, 20, 3)(2, 5, 19, 16)(4, 14, 17, 7)(6, 9, 15, 12)(8, 10, 13, 11)

[8]     Order 4       Length 5      
Rep (1, 3, 20, 18)(2, 16, 19, 5)(4, 7, 17, 14)(6, 12, 15, 9)(8, 11, 13, 10)

[9]     Order 5       Length 2      
Rep (1, 8, 16, 17, 9)(2, 10, 18, 15, 7)(3, 6, 14, 19, 11)(4, 12, 20, 13, 5)

[10]    Order 5       Length 2      
Rep (1, 16, 9, 8, 17)(2, 18, 7, 10, 15)(3, 14, 11, 6, 19)(4, 20, 5, 12, 13)

[11]    Order 10      Length 2      
Rep (1, 4, 8, 12, 16, 20, 17, 13, 9, 5)(2, 6, 10, 14, 18, 19, 15, 11, 7, 3)

[12]    Order 10      Length 2      
Rep (1, 13, 16, 4, 9, 20, 8, 5, 17, 12)(2, 11, 18, 6, 7, 19, 10, 3, 15, 14)

[13]    Order 20      Length 2      
Rep (1, 2, 4, 6, 8, 10, 12, 14, 16, 18, 20, 19, 17, 15, 13, 11, 9, 7, 5, 3)

[14]    Order 20      Length 2      
Rep (1, 6, 12, 18, 17, 11, 5, 2, 8, 14, 20, 15, 9, 3, 4, 10, 16, 19, 13, 7)

[15]    Order 20      Length 2      
Rep (1, 19, 4, 15, 8, 11, 12, 7, 16, 3, 20, 2, 17, 6, 13, 10, 9, 14, 5, 18)

[16]    Order 20      Length 2      
Rep (1, 7, 13, 19, 16, 10, 4, 3, 9, 15, 20, 14, 8, 2, 5, 11, 17, 18, 12, 6)

