g = (1, 2, 4, 6, 8, 10, 12, 14, 16, 18, 20, 21, 19, 17, 15, 13, 11, 9, 7, 5, 3)
h = (2, 8, 11)(3, 9, 10)(4, 16, 21)(5, 17, 20)(6, 19, 12)(7, 18, 13)
Conjugacy Classes of group G
----------------------------
[1]     Order 1       Length 1      
Rep Id(G)

[2]     Order 3       Length 1      
Rep (1, 14, 15)(2, 16, 13)(3, 12, 17)(4, 18, 11)(5, 10, 19)(6, 20, 9)(7, 8, 21)

[3]     Order 3       Length 1      
Rep (1, 15, 14)(2, 13, 16)(3, 17, 12)(4, 11, 18)(5, 19, 10)(6, 9, 20)(7, 21, 8)

[4]     Order 3       Length 7      
Rep (1, 8, 3)(2, 16, 13)(4, 19, 20)(5, 9, 18)(6, 11, 10)(7, 17, 15)(12, 14, 21)

[5]     Order 3       Length 7      
Rep (1, 3, 8)(2, 13, 16)(4, 20, 19)(5, 18, 9)(6, 10, 11)(7, 15, 17)(12, 21, 14)

[6]     Order 3       Length 7      
Rep (1, 11, 3)(2, 21, 6)(4, 12, 14)(5, 10, 19)(7, 20, 16)(8, 9, 13)(15, 18, 17)

[7]     Order 3       Length 7      
Rep (1, 3, 11)(2, 6, 21)(4, 14, 12)(5, 19, 10)(7, 16, 20)(8, 13, 9)(15, 17, 18)

[8]     Order 3       Length 7      
Rep (1, 13, 6)(2, 20, 14)(4, 10, 21)(5, 8, 11)(7, 18, 19)(9, 15, 16)

[9]     Order 3       Length 7      
Rep (1, 6, 13)(2, 14, 20)(4, 21, 10)(5, 11, 8)(7, 19, 18)(9, 16, 15)

[10]    Order 7       Length 3      
Rep (1, 6, 12, 18, 19, 13, 7)(2, 8, 14, 20, 17, 11, 5)(3, 4, 10, 16, 21, 15, 9)

[11]    Order 7       Length 3      
Rep (1, 18, 7, 12, 13, 6, 19)(2, 20, 5, 14, 11, 8, 17)(3, 16, 9, 10, 15, 4, 21)

[12]    Order 21      Length 3      
Rep (1, 2, 4, 6, 8, 10, 12, 14, 16, 18, 20, 21, 19, 17, 15, 13, 11, 9, 7, 5, 3)

[13]    Order 21      Length 3      
Rep (1, 4, 8, 12, 16, 20, 19, 15, 11, 7, 3, 2, 6, 10, 14, 18, 21, 17, 13, 9, 5)

[14]    Order 21      Length 3      
Rep (1, 10, 20, 13, 3, 8, 18, 15, 5, 6, 16, 17, 7, 4, 14, 19, 9, 2, 12, 21, 11)

[15]    Order 21      Length 3      
Rep (1, 20, 3, 18, 5, 16, 7, 14, 9, 12, 11, 10, 13, 8, 15, 6, 17, 4, 19, 2, 21)

