SD(07,03,02)
g = (1, 2, 4, 6, 7, 5, 3)
h = (2, 4, 7)(3, 5, 6)
21
Conjugacy Classes of group G
----------------------------
[1]     Order 1       Length 1      
Rep Id(G)

[2]     Order 3       Length 7      
Rep (1, 7, 3)(4, 5, 6)

[3]     Order 3       Length 7      
Rep (1, 3, 7)(4, 6, 5)

[4]     Order 7       Length 3      
Rep (1, 2, 4, 6, 7, 5, 3)

[5]     Order 7       Length 3      
Rep (1, 6, 3, 4, 5, 2, 7)

SD(08,02,03)
g = (1, 2, 4, 6, 8, 7, 5, 3)
h = (2, 6)(3, 7)(4, 5)
16
Conjugacy Classes of group G
----------------------------
[1]     Order 1       Length 1      
Rep Id(G)

[2]     Order 2       Length 1      
Rep (1, 8)(2, 7)(3, 6)(4, 5)

[3]     Order 2       Length 4      
Rep (1, 8)(2, 3)(6, 7)

[4]     Order 4       Length 2      
Rep (1, 4, 8, 5)(2, 6, 7, 3)

[5]     Order 4       Length 4      
Rep (1, 6, 8, 3)(2, 5, 7, 4)

[6]     Order 8       Length 2      
Rep (1, 2, 4, 6, 8, 7, 5, 3)

[7]     Order 8       Length 2      
Rep (1, 7, 4, 3, 8, 2, 5, 6)

SD(08,02,05)
g = (1, 2, 4, 6, 8, 7, 5, 3)
h = (2, 7)(3, 6)
16
Conjugacy Classes of group G
----------------------------
[1]     Order 1       Length 1      
Rep Id(G)

[2]     Order 2       Length 1      
Rep (1, 8)(2, 7)(3, 6)(4, 5)

[3]     Order 2       Length 2      
Rep (1, 8)(4, 5)

[4]     Order 4       Length 1      
Rep (1, 4, 8, 5)(2, 6, 7, 3)

[5]     Order 4       Length 1      
Rep (1, 5, 8, 4)(2, 3, 7, 6)

[6]     Order 4       Length 2      
Rep (1, 4, 8, 5)(2, 3, 7, 6)

[7]     Order 8       Length 2      
Rep (1, 2, 4, 6, 8, 7, 5, 3)

[8]     Order 8       Length 2      
Rep (1, 6, 5, 2, 8, 3, 4, 7)

[9]     Order 8       Length 2      
Rep (1, 7, 5, 6, 8, 2, 4, 3)

[10]    Order 8       Length 2      
Rep (1, 6, 4, 7, 8, 3, 5, 2)

SD(09,03,04)
g = (1, 2, 4, 6, 8, 9, 7, 5, 3)
h = (2, 8, 5)(3, 9, 4)
27
Conjugacy Classes of group G
----------------------------
[1]     Order 1       Length 1      
Rep Id(G)

[2]     Order 3       Length 1      
Rep (1, 6, 7)(2, 8, 5)(3, 4, 9)

[3]     Order 3       Length 1      
Rep (1, 7, 6)(2, 5, 8)(3, 9, 4)

[4]     Order 3       Length 3      
Rep (1, 7, 6)(2, 8, 5)

[5]     Order 3       Length 3      
Rep (1, 6, 7)(2, 5, 8)

[6]     Order 9       Length 3      
Rep (1, 2, 4, 6, 8, 9, 7, 5, 3)

[7]     Order 9       Length 3      
Rep (1, 4, 8, 7, 3, 2, 6, 9, 5)

[8]     Order 9       Length 3      
Rep (1, 8, 4, 6, 5, 9, 7, 2, 3)

[9]     Order 9       Length 3      
Rep (1, 4, 5, 7, 3, 8, 6, 9, 2)

[10]    Order 9       Length 3      
Rep (1, 5, 4, 6, 2, 9, 7, 8, 3)

[11]    Order 9       Length 3      
Rep (1, 4, 2, 7, 3, 5, 6, 9, 8)

SD(11,05,03)
g = (1, 2, 4, 6, 8, 10, 11, 9, 7, 5, 3)
h = (2, 6, 5, 10, 8)(3, 7, 4, 11, 9)
55
Conjugacy Classes of group G
----------------------------
[1]     Order 1       Length 1      
Rep Id(G)

[2]     Order 5       Length 11     
Rep (1, 6, 2, 11, 3)(4, 5, 7, 10, 9)

[3]     Order 5       Length 11     
Rep (1, 2, 3, 6, 11)(4, 7, 9, 5, 10)

[4]     Order 5       Length 11     
Rep (1, 11, 6, 3, 2)(4, 10, 5, 9, 7)

[5]     Order 5       Length 11     
Rep (1, 3, 11, 2, 6)(4, 9, 10, 7, 5)

[6]     Order 11      Length 5      
Rep (1, 2, 4, 6, 8, 10, 11, 9, 7, 5, 3)

[7]     Order 11      Length 5      
Rep (1, 4, 8, 11, 7, 3, 2, 6, 10, 9, 5)

SD(11,05,05)
g = (1, 2, 4, 6, 8, 10, 11, 9, 7, 5, 3)
h = (2, 10, 6, 8, 5)(3, 11, 7, 9, 4)
55
Conjugacy Classes of group G
----------------------------
[1]     Order 1       Length 1      
Rep Id(G)

[2]     Order 5       Length 11     
Rep (1, 10, 7, 2, 3)(4, 8, 6, 5, 11)

[3]     Order 5       Length 11     
Rep (1, 7, 3, 10, 2)(4, 6, 11, 8, 5)

[4]     Order 5       Length 11     
Rep (1, 2, 10, 3, 7)(4, 5, 8, 11, 6)

[5]     Order 5       Length 11     
Rep (1, 3, 2, 7, 10)(4, 11, 5, 6, 8)

[6]     Order 11      Length 5      
Rep (1, 2, 4, 6, 8, 10, 11, 9, 7, 5, 3)

[7]     Order 11      Length 5      
Rep (1, 4, 8, 11, 7, 3, 2, 6, 10, 9, 5)

SD(12,02,05)
g = (1, 2, 4, 6, 8, 10, 12, 11, 9, 7, 5, 3)
h = (2, 10)(3, 11)(4, 5)(8, 9)
24
Conjugacy Classes of group G
----------------------------
[1]     Order 1       Length 1      
Rep Id(G)

[2]     Order 2       Length 1      
Rep (1, 12)(2, 11)(3, 10)(4, 9)(5, 8)(6, 7)

[3]     Order 2       Length 3      
Rep (1, 12)(2, 3)(4, 8)(5, 9)(6, 7)(10, 11)

[4]     Order 2       Length 3      
Rep (1, 8)(2, 7)(5, 12)(6, 11)

[5]     Order 3       Length 2      
Rep (1, 8, 9)(2, 10, 7)(3, 6, 11)(4, 12, 5)

[6]     Order 4       Length 1      
Rep (1, 6, 12, 7)(2, 8, 11, 5)(3, 4, 10, 9)

[7]     Order 4       Length 1      
Rep (1, 7, 12, 6)(2, 5, 11, 8)(3, 9, 10, 4)

[8]     Order 4       Length 3      
Rep (1, 10, 12, 3)(2, 5, 11, 8)(4, 6, 9, 7)

[9]     Order 4       Length 3      
Rep (1, 3, 12, 10)(2, 8, 11, 5)(4, 7, 9, 6)

[10]    Order 6       Length 2      
Rep (1, 4, 8, 12, 9, 5)(2, 6, 10, 11, 7, 3)

[11]    Order 12      Length 2      
Rep (1, 2, 4, 6, 8, 10, 12, 11, 9, 7, 5, 3)

[12]    Order 12      Length 2      
Rep (1, 11, 4, 7, 8, 3, 12, 2, 9, 6, 5, 10)

SD(12,02,07)
g = (1, 2, 4, 6, 8, 10, 12, 11, 9, 7, 5, 3)
h = (2, 11)(3, 10)(6, 7)
24
Conjugacy Classes of group G
----------------------------
[1]     Order 1       Length 1      
Rep Id(G)

[2]     Order 2       Length 1      
Rep (1, 12)(2, 11)(3, 10)(4, 9)(5, 8)(6, 7)

[3]     Order 2       Length 2      
Rep (1, 6)(2, 5)(3, 9)(4, 10)(7, 12)(8, 11)

[4]     Order 2       Length 2      
Rep (2, 11)(3, 10)(6, 7)

[5]     Order 3       Length 1      
Rep (1, 8, 9)(2, 10, 7)(3, 6, 11)(4, 12, 5)

[6]     Order 3       Length 1      
Rep (1, 9, 8)(2, 7, 10)(3, 11, 6)(4, 5, 12)

[7]     Order 4       Length 2      
Rep (1, 6, 12, 7)(2, 8, 11, 5)(3, 4, 10, 9)

[8]     Order 6       Length 1      
Rep (1, 4, 8, 12, 9, 5)(2, 6, 10, 11, 7, 3)

[9]     Order 6       Length 1      
Rep (1, 5, 9, 12, 8, 4)(2, 3, 7, 11, 10, 6)

[10]    Order 6       Length 2      
Rep (1, 11, 9, 6, 8, 3)(2, 4, 7, 5, 10, 12)

[11]    Order 6       Length 2      
Rep (1, 3, 8, 6, 9, 11)(2, 12, 10, 5, 7, 4)

[12]    Order 6       Length 2      
Rep (1, 9, 8)(2, 6, 10, 11, 7, 3)(4, 5, 12)

[13]    Order 6       Length 2      
Rep (1, 8, 9)(2, 3, 7, 11, 10, 6)(4, 12, 5)

[14]    Order 12      Length 2      
Rep (1, 2, 4, 6, 8, 10, 12, 11, 9, 7, 5, 3)

[15]    Order 12      Length 2      
Rep (1, 10, 5, 6, 9, 2, 12, 3, 8, 7, 4, 11)

SD(13,03,03)
g = (1, 2, 4, 6, 8, 10, 12, 13, 11, 9, 7, 5, 3)
h = (2, 6, 9)(3, 7, 8)(4, 12, 10)(5, 13, 11)
39
Conjugacy Classes of group G
----------------------------
[1]     Order 1       Length 1      
Rep Id(G)

[2]     Order 3       Length 13     
Rep (1, 6, 3)(2, 12, 11)(4, 9, 8)(5, 7, 13)

[3]     Order 3       Length 13     
Rep (1, 3, 6)(2, 11, 12)(4, 8, 9)(5, 13, 7)

[4]     Order 13      Length 3      
Rep (1, 2, 4, 6, 8, 10, 12, 13, 11, 9, 7, 5, 3)

[5]     Order 13      Length 3      
Rep (1, 4, 8, 12, 11, 7, 3, 2, 6, 10, 13, 9, 5)

[6]     Order 13      Length 3      
Rep (1, 8, 11, 3, 6, 13, 5, 4, 12, 7, 2, 10, 9)

[7]     Order 13      Length 3      
Rep (1, 13, 2, 11, 4, 9, 6, 7, 8, 5, 10, 3, 12)

SD(14,03,09)
g = (1, 2, 4, 6, 8, 10, 12, 14, 13, 11, 9, 7, 5, 3)
h = (2, 11, 7)(3, 10, 6)(4, 8, 13)(5, 9, 12)
42
Conjugacy Classes of group G
----------------------------
[1]     Order 1       Length 1      
Rep Id(G)

[2]     Order 2       Length 1      
Rep (1, 14)(2, 13)(3, 12)(4, 11)(5, 10)(6, 9)(7, 8)

[3]     Order 3       Length 7      
Rep (1, 12, 4)(2, 6, 7)(3, 11, 14)(8, 13, 9)

[4]     Order 3       Length 7      
Rep (1, 4, 12)(2, 7, 6)(3, 14, 11)(8, 9, 13)

[5]     Order 6       Length 7      
Rep (1, 11, 12, 14, 4, 3)(2, 8, 6, 13, 7, 9)(5, 10)

[6]     Order 6       Length 7      
Rep (1, 3, 4, 14, 12, 11)(2, 9, 7, 13, 6, 8)(5, 10)

[7]     Order 7       Length 3      
Rep (1, 4, 8, 12, 13, 9, 5)(2, 6, 10, 14, 11, 7, 3)

[8]     Order 7       Length 3      
Rep (1, 5, 9, 13, 12, 8, 4)(2, 3, 7, 11, 14, 10, 6)

[9]     Order 14      Length 3      
Rep (1, 2, 4, 6, 8, 10, 12, 14, 13, 11, 9, 7, 5, 3)

[10]    Order 14      Length 3      
Rep (1, 6, 12, 11, 5, 2, 8, 14, 9, 3, 4, 10, 13, 7)

SD(15,02,04)
g = (1, 2, 4, 6, 8, 10, 12, 14, 15, 13, 11, 9, 7, 5, 3)
h = (2, 8)(3, 9)(4, 15)(5, 14)(6, 7)(12, 13)
30
Conjugacy Classes of group G
----------------------------
[1]     Order 1       Length 1      
Rep Id(G)

[2]     Order 2       Length 5      
Rep (1, 13)(2, 5)(3, 10)(6, 12)(8, 11)(9, 15)

[3]     Order 3       Length 1      
Rep (1, 10, 11)(2, 12, 9)(3, 8, 13)(4, 14, 7)(5, 6, 15)

[4]     Order 3       Length 1      
Rep (1, 11, 10)(2, 9, 12)(3, 13, 8)(4, 7, 14)(5, 15, 6)

[5]     Order 5       Length 2      
Rep (1, 6, 12, 13, 7)(2, 8, 14, 11, 5)(3, 4, 10, 15, 9)

[6]     Order 5       Length 2      
Rep (1, 12, 7, 6, 13)(2, 14, 5, 8, 11)(3, 10, 9, 4, 15)

[7]     Order 6       Length 5      
Rep (1, 8, 10, 13, 11, 3)(2, 15, 12, 5, 9, 6)(4, 7, 14)

[8]     Order 6       Length 5      
Rep (1, 3, 11, 13, 10, 8)(2, 6, 9, 5, 12, 15)(4, 14, 7)

[9]     Order 15      Length 2      
Rep (1, 2, 4, 6, 8, 10, 12, 14, 15, 13, 11, 9, 7, 5, 3)

[10]    Order 15      Length 2      
Rep (1, 4, 8, 12, 15, 11, 7, 3, 2, 6, 10, 14, 13, 9, 5)

[11]    Order 15      Length 2      
Rep (1, 14, 3, 12, 5, 10, 7, 8, 9, 6, 11, 4, 13, 2, 15)

[12]    Order 15      Length 2      
Rep (1, 9, 14, 6, 3, 11, 12, 4, 5, 13, 10, 2, 7, 15, 8)

SD(15,02,11)
g = (1, 2, 4, 6, 8, 10, 12, 14, 15, 13, 11, 9, 7, 5, 3)
h = (2, 9)(3, 8)(4, 14)(5, 15)(10, 11)
30
Conjugacy Classes of group G
----------------------------
[1]     Order 1       Length 1      
Rep Id(G)

[2]     Order 2       Length 3      
Rep (1, 10)(3, 13)(4, 7)(6, 15)(9, 12)

[3]     Order 3       Length 2      
Rep (1, 10, 11)(2, 12, 9)(3, 8, 13)(4, 14, 7)(5, 6, 15)

[4]     Order 5       Length 1      
Rep (1, 6, 12, 13, 7)(2, 8, 14, 11, 5)(3, 4, 10, 15, 9)

[5]     Order 5       Length 1      
Rep (1, 7, 13, 12, 6)(2, 5, 11, 14, 8)(3, 9, 15, 10, 4)

[6]     Order 5       Length 1      
Rep (1, 13, 6, 7, 12)(2, 11, 8, 5, 14)(3, 15, 4, 9, 10)

[7]     Order 5       Length 1      
Rep (1, 12, 7, 6, 13)(2, 14, 5, 8, 11)(3, 10, 9, 4, 15)

[8]     Order 10      Length 3      
Rep (1, 9, 7, 15, 13, 10, 12, 4, 6, 3)(2, 14, 5, 8, 11)

[9]     Order 10      Length 3      
Rep (1, 15, 12, 3, 7, 10, 6, 9, 13, 4)(2, 8, 14, 11, 5)

[10]    Order 10      Length 3      
Rep (1, 4, 13, 9, 6, 10, 7, 3, 12, 15)(2, 5, 11, 14, 8)

[11]    Order 10      Length 3      
Rep (1, 3, 6, 4, 12, 10, 13, 15, 7, 9)(2, 11, 8, 5, 14)

[12]    Order 15      Length 2      
Rep (1, 2, 4, 6, 8, 10, 12, 14, 15, 13, 11, 9, 7, 5, 3)

[13]    Order 15      Length 2      
Rep (1, 4, 8, 12, 15, 11, 7, 3, 2, 6, 10, 14, 13, 9, 5)

[14]    Order 15      Length 2      
Rep (1, 8, 15, 7, 2, 10, 13, 5, 4, 12, 11, 3, 6, 14, 9)

[15]    Order 15      Length 2      
Rep (1, 5, 9, 13, 14, 10, 6, 2, 3, 7, 11, 15, 12, 8, 4)

SD(16,02,07)
g = (1, 2, 4, 6, 8, 10, 12, 14, 16, 15, 13, 11, 9, 7, 5, 3)
h = (2, 14)(3, 15)(4, 5)(6, 10)(7, 11)(8, 9)(12, 13)
32
Conjugacy Classes of group G
----------------------------
[1]     Order 1       Length 1      
Rep Id(G)

[2]     Order 2       Length 1      
Rep (1, 16)(2, 15)(3, 14)(4, 13)(5, 12)(6, 11)(7, 10)(8, 9)

[3]     Order 2       Length 8      
Rep (1, 16)(2, 3)(4, 12)(5, 13)(6, 7)(10, 11)(14, 15)

[4]     Order 4       Length 2      
Rep (1, 8, 16, 9)(2, 10, 15, 7)(3, 6, 14, 11)(4, 12, 13, 5)

[5]     Order 4       Length 8      
Rep (1, 14, 16, 3)(2, 5, 15, 12)(4, 10, 13, 7)(6, 9, 11, 8)

[6]     Order 8       Length 2      
Rep (1, 4, 8, 12, 16, 13, 9, 5)(2, 6, 10, 14, 15, 11, 7, 3)

[7]     Order 8       Length 2      
Rep (1, 12, 9, 4, 16, 5, 8, 13)(2, 14, 7, 6, 15, 3, 10, 11)

[8]     Order 16      Length 2      
Rep (1, 2, 4, 6, 8, 10, 12, 14, 16, 15, 13, 11, 9, 7, 5, 3)

[9]     Order 16      Length 2      
Rep (1, 6, 12, 15, 9, 3, 4, 10, 16, 11, 5, 2, 8, 14, 13, 7)

[10]    Order 16      Length 2      
Rep (1, 3, 5, 7, 9, 11, 13, 15, 16, 14, 12, 10, 8, 6, 4, 2)

[11]    Order 16      Length 2      
Rep (1, 7, 13, 14, 8, 2, 5, 11, 16, 10, 4, 3, 9, 15, 12, 6)

SD(16,02,09)
g = (1, 2, 4, 6, 8, 10, 12, 14, 16, 15, 13, 11, 9, 7, 5, 3)
h = (2, 15)(3, 14)(6, 11)(7, 10)
32
Conjugacy Classes of group G
----------------------------
[1]     Order 1       Length 1      
Rep Id(G)

[2]     Order 2       Length 1      
Rep (1, 16)(2, 15)(3, 14)(4, 13)(5, 12)(6, 11)(7, 10)(8, 9)

[3]     Order 2       Length 2      
Rep (1, 16)(4, 13)(5, 12)(8, 9)

[4]     Order 4       Length 1      
Rep (1, 8, 16, 9)(2, 10, 15, 7)(3, 6, 14, 11)(4, 12, 13, 5)

[5]     Order 4       Length 1      
Rep (1, 9, 16, 8)(2, 7, 15, 10)(3, 11, 14, 6)(4, 5, 13, 12)

[6]     Order 4       Length 2      
Rep (1, 8, 16, 9)(2, 7, 15, 10)(3, 11, 14, 6)(4, 12, 13, 5)

[7]     Order 8       Length 1      
Rep (1, 4, 8, 12, 16, 13, 9, 5)(2, 6, 10, 14, 15, 11, 7, 3)

[8]     Order 8       Length 1      
Rep (1, 12, 9, 4, 16, 5, 8, 13)(2, 14, 7, 6, 15, 3, 10, 11)

[9]     Order 8       Length 1      
Rep (1, 13, 8, 5, 16, 4, 9, 12)(2, 11, 10, 3, 15, 6, 7, 14)

[10]    Order 8       Length 1      
Rep (1, 5, 9, 13, 16, 12, 8, 4)(2, 3, 7, 11, 15, 14, 10, 6)

[11]    Order 8       Length 2      
Rep (1, 13, 8, 5, 16, 4, 9, 12)(2, 6, 10, 14, 15, 11, 7, 3)

[12]    Order 8       Length 2      
Rep (1, 5, 9, 13, 16, 12, 8, 4)(2, 14, 7, 6, 15, 3, 10, 11)

[13]    Order 16      Length 2      
Rep (1, 2, 4, 6, 8, 10, 12, 14, 16, 15, 13, 11, 9, 7, 5, 3)

[14]    Order 16      Length 2      
Rep (1, 6, 12, 15, 9, 3, 4, 10, 16, 11, 5, 2, 8, 14, 13, 7)

[15]    Order 16      Length 2      
Rep (1, 10, 13, 3, 8, 15, 5, 6, 16, 7, 4, 14, 9, 2, 12, 11)

[16]    Order 16      Length 2      
Rep (1, 14, 5, 10, 9, 6, 13, 2, 16, 3, 12, 7, 8, 11, 4, 15)

[17]    Order 16      Length 2      
Rep (1, 15, 13, 6, 8, 7, 5, 14, 16, 2, 4, 11, 9, 10, 12, 3)

[18]    Order 16      Length 2      
Rep (1, 6, 5, 2, 9, 3, 13, 7, 16, 11, 12, 15, 8, 14, 4, 10)

[19]    Order 16      Length 2      
Rep (1, 7, 4, 3, 8, 2, 12, 6, 16, 10, 13, 14, 9, 15, 5, 11)

[20]    Order 16      Length 2      
Rep (1, 14, 12, 7, 9, 6, 4, 15, 16, 3, 5, 10, 8, 11, 13, 2)

SD(18,03,07)
g = (1, 2, 4, 6, 8, 10, 12, 14, 16, 18, 17, 15, 13, 11, 9, 7, 5, 3)
h = (2, 14, 11)(3, 15, 10)(4, 9, 16)(5, 8, 17)
54
Conjugacy Classes of group G
----------------------------
[1]     Order 1       Length 1      
Rep Id(G)

[2]     Order 2       Length 1      
Rep (1, 18)(2, 17)(3, 16)(4, 15)(5, 14)(6, 13)(7, 12)(8, 11)(9, 10)

[3]     Order 3       Length 1      
Rep (1, 12, 13)(2, 14, 11)(3, 10, 15)(4, 16, 9)(5, 8, 17)(6, 18, 7)

[4]     Order 3       Length 1      
Rep (1, 13, 12)(2, 11, 14)(3, 15, 10)(4, 9, 16)(5, 17, 8)(6, 7, 18)

[5]     Order 3       Length 3      
Rep (1, 12, 13)(2, 11, 14)(5, 17, 8)(6, 18, 7)

[6]     Order 3       Length 3      
Rep (1, 13, 12)(2, 14, 11)(5, 8, 17)(6, 7, 18)

[7]     Order 6       Length 1      
Rep (1, 6, 12, 18, 13, 7)(2, 8, 14, 17, 11, 5)(3, 4, 10, 16, 15, 9)

[8]     Order 6       Length 1      
Rep (1, 7, 13, 18, 12, 6)(2, 5, 11, 17, 14, 8)(3, 9, 15, 16, 10, 4)

[9]     Order 6       Length 3      
Rep (1, 18)(2, 8, 14, 17, 11, 5)(3, 9, 15, 16, 10, 4)(6, 13)(7, 12)

[10]    Order 6       Length 3      
Rep (1, 18)(2, 5, 11, 17, 14, 8)(3, 4, 10, 16, 15, 9)(6, 13)(7, 12)

[11]    Order 9       Length 3      
Rep (1, 4, 8, 12, 16, 17, 13, 9, 5)(2, 6, 10, 14, 18, 15, 11, 7, 3)

[12]    Order 9       Length 3      
Rep (1, 8, 16, 13, 5, 4, 12, 17, 9)(2, 10, 18, 11, 3, 6, 14, 15, 7)

[13]    Order 9       Length 3      
Rep (1, 4, 17, 12, 16, 5, 13, 9, 8)(2, 7, 3, 14, 6, 10, 11, 18, 15)

[14]    Order 9       Length 3      
Rep (1, 17, 16, 13, 8, 4, 12, 5, 9)(2, 3, 6, 11, 15, 7, 14, 10, 18)

[15]    Order 9       Length 3      
Rep (1, 4, 5, 12, 16, 8, 13, 9, 17)(2, 18, 15, 14, 7, 3, 11, 6, 10)

[16]    Order 9       Length 3      
Rep (1, 5, 16, 13, 17, 4, 12, 8, 9)(2, 15, 7, 11, 10, 18, 14, 3, 6)

[17]    Order 18      Length 3      
Rep (1, 2, 4, 6, 8, 10, 12, 14, 16, 18, 17, 15, 13, 11, 9, 7, 5, 3)

[18]    Order 18      Length 3      
Rep (1, 10, 17, 7, 4, 14, 13, 3, 8, 18, 9, 2, 12, 15, 5, 6, 16, 11)

[19]    Order 18      Length 3      
Rep (1, 14, 4, 6, 17, 10, 12, 11, 16, 18, 5, 15, 13, 2, 9, 7, 8, 3)

[20]    Order 18      Length 3      
Rep (1, 10, 5, 7, 4, 11, 13, 3, 17, 18, 9, 14, 12, 15, 8, 6, 16, 2)

[21]    Order 18      Length 3      
Rep (1, 11, 4, 6, 5, 10, 12, 2, 16, 18, 8, 15, 13, 14, 9, 7, 17, 3)

[22]    Order 18      Length 3      
Rep (1, 10, 8, 7, 4, 2, 13, 3, 5, 18, 9, 11, 12, 15, 17, 6, 16, 14)

SD(19,03,07)
g = (1, 2, 4, 6, 8, 10, 12, 14, 16, 18, 19, 17, 15, 13, 11, 9, 7, 5, 3)
h = (2, 14, 17)(3, 15, 16)(4, 11, 6)(5, 10, 7)(8, 18, 12)(9, 19, 13)
57
Conjugacy Classes of group G
----------------------------
[1]     Order 1       Length 1      
Rep Id(G)

[2]     Order 3       Length 19     
Rep (1, 14, 3)(2, 11, 19)(5, 15, 9)(6, 18, 13)(7, 10, 8)(12, 17, 16)

[3]     Order 3       Length 19     
Rep (1, 3, 14)(2, 19, 11)(5, 9, 15)(6, 13, 18)(7, 8, 10)(12, 16, 17)

[4]     Order 19      Length 3      
Rep (1, 2, 4, 6, 8, 10, 12, 14, 16, 18, 19, 17, 15, 13, 11, 9, 7, 5, 3)

[5]     Order 19      Length 3      
Rep (1, 4, 8, 12, 16, 19, 15, 11, 7, 3, 2, 6, 10, 14, 18, 17, 13, 9, 5)

[6]     Order 19      Length 3      
Rep (1, 3, 5, 7, 9, 11, 13, 15, 17, 19, 18, 16, 14, 12, 10, 8, 6, 4, 2)

[7]     Order 19      Length 3      
Rep (1, 5, 9, 13, 17, 18, 14, 10, 6, 2, 3, 7, 11, 15, 19, 16, 12, 8, 4)

[8]     Order 19      Length 3      
Rep (1, 8, 16, 15, 7, 2, 10, 18, 13, 5, 4, 12, 19, 11, 3, 6, 14, 17, 9)

[9]     Order 19      Length 3      
Rep (1, 19, 2, 17, 4, 15, 6, 13, 8, 11, 10, 9, 12, 7, 14, 5, 16, 3, 18)

SD(20,02,09)
g = (1, 2, 4, 6, 8, 10, 12, 14, 16, 18, 20, 19, 17, 15, 13, 11, 9, 7, 5, 3)
h = (2, 18)(3, 19)(4, 5)(6, 14)(7, 15)(8, 9)(12, 13)(16, 17)
40
Conjugacy Classes of group G
----------------------------
[1]     Order 1       Length 1      
Rep Id(G)

[2]     Order 2       Length 1      
Rep (1, 20)(2, 19)(3, 18)(4, 17)(5, 16)(6, 15)(7, 14)(8, 13)(9, 12)(10, 11)

[3]     Order 2       Length 5      
Rep (1, 20)(2, 3)(4, 16)(5, 17)(6, 7)(8, 12)(9, 13)(10, 11)(14, 15)(18, 19)

[4]     Order 2       Length 5      
Rep (1, 16)(2, 7)(4, 12)(5, 20)(6, 11)(9, 17)(10, 15)(14, 19)

[5]     Order 4       Length 1      
Rep (1, 10, 20, 11)(2, 12, 19, 9)(3, 8, 18, 13)(4, 14, 17, 7)(5, 6, 16, 15)

[6]     Order 4       Length 1      
Rep (1, 11, 20, 10)(2, 9, 19, 12)(3, 13, 18, 8)(4, 7, 17, 14)(5, 15, 16, 6)

[7]     Order 4       Length 5      
Rep (1, 18, 20, 3)(2, 5, 19, 16)(4, 14, 17, 7)(6, 9, 15, 12)(8, 10, 13, 11)

[8]     Order 4       Length 5      
Rep (1, 3, 20, 18)(2, 16, 19, 5)(4, 7, 17, 14)(6, 12, 15, 9)(8, 11, 13, 10)

[9]     Order 5       Length 2      
Rep (1, 8, 16, 17, 9)(2, 10, 18, 15, 7)(3, 6, 14, 19, 11)(4, 12, 20, 13, 5)

[10]    Order 5       Length 2      
Rep (1, 16, 9, 8, 17)(2, 18, 7, 10, 15)(3, 14, 11, 6, 19)(4, 20, 5, 12, 13)

[11]    Order 10      Length 2      
Rep (1, 4, 8, 12, 16, 20, 17, 13, 9, 5)(2, 6, 10, 14, 18, 19, 15, 11, 7, 3)

[12]    Order 10      Length 2      
Rep (1, 13, 16, 4, 9, 20, 8, 5, 17, 12)(2, 11, 18, 6, 7, 19, 10, 3, 15, 14)

[13]    Order 20      Length 2      
Rep (1, 2, 4, 6, 8, 10, 12, 14, 16, 18, 20, 19, 17, 15, 13, 11, 9, 7, 5, 3)

[14]    Order 20      Length 2      
Rep (1, 6, 12, 18, 17, 11, 5, 2, 8, 14, 20, 15, 9, 3, 4, 10, 16, 19, 13, 7)

[15]    Order 20      Length 2      
Rep (1, 19, 4, 15, 8, 11, 12, 7, 16, 3, 20, 2, 17, 6, 13, 10, 9, 14, 5, 18)

[16]    Order 20      Length 2      
Rep (1, 7, 13, 19, 16, 10, 4, 3, 9, 15, 20, 14, 8, 2, 5, 11, 17, 18, 12, 6)

SD(20,02,11)
g = (1, 2, 4, 6, 8, 10, 12, 14, 16, 18, 20, 19, 17, 15, 13, 11, 9, 7, 5, 3)
h = (2, 19)(3, 18)(6, 15)(7, 14)(10, 11)
40
Conjugacy Classes of group G
----------------------------
[1]     Order 1       Length 1      
Rep Id(G)

[2]     Order 2       Length 1      
Rep (1, 20)(2, 19)(3, 18)(4, 17)(5, 16)(6, 15)(7, 14)(8, 13)(9, 12)(10, 11)

[3]     Order 2       Length 2      
Rep (1, 11)(2, 12)(3, 8)(4, 7)(5, 15)(6, 16)(9, 19)(10, 20)(13, 18)(14, 17)

[4]     Order 2       Length 2      
Rep (2, 19)(3, 18)(6, 15)(7, 14)(10, 11)

[5]     Order 4       Length 2      
Rep (1, 10, 20, 11)(2, 12, 19, 9)(3, 8, 18, 13)(4, 14, 17, 7)(5, 6, 16, 15)

[6]     Order 5       Length 1      
Rep (1, 8, 16, 17, 9)(2, 10, 18, 15, 7)(3, 6, 14, 19, 11)(4, 12, 20, 13, 5)

[7]     Order 5       Length 1      
Rep (1, 16, 9, 8, 17)(2, 18, 7, 10, 15)(3, 14, 11, 6, 19)(4, 20, 5, 12, 13)

[8]     Order 5       Length 1      
Rep (1, 17, 8, 9, 16)(2, 15, 10, 7, 18)(3, 19, 6, 11, 14)(4, 13, 12, 5, 20)

[9]     Order 5       Length 1      
Rep (1, 9, 17, 16, 8)(2, 7, 15, 18, 10)(3, 11, 19, 14, 6)(4, 5, 13, 20, 12)

[10]    Order 10      Length 1      
Rep (1, 4, 8, 12, 16, 20, 17, 13, 9, 5)(2, 6, 10, 14, 18, 19, 15, 11, 7, 3)

[11]    Order 10      Length 1      
Rep (1, 12, 17, 5, 8, 20, 9, 4, 16, 13)(2, 14, 15, 3, 10, 19, 7, 6, 18, 11)

[12]    Order 10      Length 1      
Rep (1, 13, 16, 4, 9, 20, 8, 5, 17, 12)(2, 11, 18, 6, 7, 19, 10, 3, 15, 14)

[13]    Order 10      Length 1      
Rep (1, 5, 9, 13, 17, 20, 16, 12, 8, 4)(2, 3, 7, 11, 15, 19, 18, 14, 10, 6)

[14]    Order 10      Length 2      
Rep (1, 19, 17, 6, 8, 11, 9, 14, 16, 3)(2, 4, 15, 13, 10, 12, 7, 5, 18, 20)

[15]    Order 10      Length 2      
Rep (1, 6, 9, 3, 17, 11, 16, 19, 8, 14)(2, 13, 7, 20, 15, 12, 18, 4, 10, 5)

[16]    Order 10      Length 2      
Rep (1, 14, 8, 19, 16, 11, 17, 3, 9, 6)(2, 5, 10, 4, 18, 12, 15, 20, 7, 13)

[17]    Order 10      Length 2      
Rep (1, 3, 16, 14, 9, 11, 8, 6, 17, 19)(2, 20, 18, 5, 7, 12, 10, 13, 15, 4)

[18]    Order 10      Length 2      
Rep (1, 17, 8, 9, 16)(2, 6, 10, 14, 18, 19, 15, 11, 7, 3)(4, 13, 12, 5, 20)

[19]    Order 10      Length 2      
Rep (1, 9, 17, 16, 8)(2, 14, 15, 3, 10, 19, 7, 6, 18, 11)(4, 5, 13, 20, 12)

[20]    Order 10      Length 2      
Rep (1, 8, 16, 17, 9)(2, 11, 18, 6, 7, 19, 10, 3, 15, 14)(4, 12, 20, 13, 5)

[21]    Order 10      Length 2      
Rep (1, 16, 9, 8, 17)(2, 3, 7, 11, 15, 19, 18, 14, 10, 6)(4, 20, 5, 12, 13)

[22]    Order 20      Length 2      
Rep (1, 2, 4, 6, 8, 10, 12, 14, 16, 18, 20, 19, 17, 15, 13, 11, 9, 7, 5, 3)

[23]    Order 20      Length 2      
Rep (1, 6, 12, 18, 17, 11, 5, 2, 8, 14, 20, 15, 9, 3, 4, 10, 16, 19, 13, 7)

[24]    Order 20      Length 2      
Rep (1, 14, 13, 2, 16, 11, 4, 18, 9, 6, 20, 7, 8, 19, 5, 10, 17, 3, 12, 15)

[25]    Order 20      Length 2      
Rep (1, 18, 5, 14, 9, 10, 13, 6, 17, 2, 20, 3, 16, 7, 12, 11, 8, 15, 4, 19)

SD(21,02,08)
g = (1, 2, 4, 6, 8, 10, 12, 14, 16, 18, 20, 21, 19, 17, 15, 13, 11, 9, 7, 5, 3)
h = (2, 16)(3, 17)(4, 11)(5, 10)(8, 21)(9, 20)(14, 15)
42
Conjugacy Classes of group G
----------------------------
[1]     Order 1       Length 1      
Rep Id(G)

[2]     Order 2       Length 3      
Rep (1, 15)(3, 12)(4, 18)(6, 9)(7, 21)(10, 19)(13, 16)

[3]     Order 3       Length 2      
Rep (1, 14, 15)(2, 16, 13)(3, 12, 17)(4, 18, 11)(5, 10, 19)(6, 20, 9)(7, 8, 21)

[4]     Order 7       Length 1      
Rep (1, 6, 12, 18, 19, 13, 7)(2, 8, 14, 20, 17, 11, 5)(3, 4, 10, 16, 21, 15, 9)

[5]     Order 7       Length 1      
Rep (1, 12, 19, 7, 6, 18, 13)(2, 14, 17, 5, 8, 20, 11)(3, 10, 21, 9, 4, 16, 15)

[6]     Order 7       Length 1      
Rep (1, 18, 7, 12, 13, 6, 19)(2, 20, 5, 14, 11, 8, 17)(3, 16, 9, 10, 15, 4, 21)

[7]     Order 7       Length 1      
Rep (1, 19, 6, 13, 12, 7, 18)(2, 17, 8, 11, 14, 5, 20)(3, 21, 4, 15, 10, 9, 16)

[8]     Order 7       Length 1      
Rep (1, 13, 18, 6, 7, 19, 12)(2, 11, 20, 8, 5, 17, 14)(3, 15, 16, 4, 9, 21, 10)

[9]     Order 7       Length 1      
Rep (1, 7, 13, 19, 18, 12, 6)(2, 5, 11, 17, 20, 14, 8)(3, 9, 15, 21, 16, 10, 4)

[10]    Order 14      Length 3      
Rep (1, 16, 18, 9, 7, 10, 12, 15, 13, 4, 6, 21, 19, 3)(2, 11, 20, 8, 5, 17, 14)

[11]    Order 14      Length 3      
Rep (1, 9, 12, 4, 19, 16, 7, 15, 6, 3, 18, 10, 13, 21)(2, 8, 14, 20, 17, 11, 5)

[12]    Order 14      Length 3      
Rep (1, 10, 6, 16, 12, 21, 18, 15, 19, 9, 13, 3, 7, 4)(2, 17, 8, 11, 14, 5, 20)

[13]    Order 14      Length 3      
Rep (1, 4, 7, 3, 13, 9, 19, 15, 18, 21, 12, 16, 6, 10)(2, 20, 5, 14, 11, 8, 17)

[14]    Order 14      Length 3      
Rep (1, 21, 13, 10, 18, 3, 6, 15, 7, 16, 19, 4, 12, 9)(2, 5, 11, 17, 20, 14, 8)

[15]    Order 14      Length 3      
Rep (1, 3, 19, 21, 6, 4, 13, 15, 12, 10, 7, 9, 18, 16)(2, 14, 17, 5, 8, 20, 11)

[16]    Order 21      Length 2      
Rep (1, 2, 4, 6, 8, 10, 12, 14, 16, 18, 20, 21, 19, 17, 15, 13, 11, 9, 7, 5, 3)

[17]    Order 21      Length 2      
Rep (1, 4, 8, 12, 16, 20, 19, 15, 11, 7, 3, 2, 6, 10, 14, 18, 21, 17, 13, 9, 5)

[18]    Order 21      Length 2      
Rep (1, 8, 16, 19, 11, 3, 6, 14, 21, 13, 5, 4, 12, 20, 15, 7, 2, 10, 18, 17, 9)

[19]    Order 21      Length 2      
Rep (1, 10, 20, 13, 3, 8, 18, 15, 5, 6, 16, 17, 7, 4, 14, 19, 9, 2, 12, 21, 11)

[20]    Order 21      Length 2      
Rep (1, 20, 3, 18, 5, 16, 7, 14, 9, 12, 11, 10, 13, 8, 15, 6, 17, 4, 19, 2, 21)

[21]    Order 21      Length 2      
Rep (1, 17, 10, 7, 20, 4, 13, 14, 3, 19, 8, 9, 18, 2, 15, 12, 5, 21, 6, 11, 16)

SD(21,02,13)
g = (1, 2, 4, 6, 8, 10, 12, 14, 16, 18, 20, 21, 19, 17, 15, 13, 11, 9, 7, 5, 3)
h = (2, 17)(3, 16)(4, 10)(5, 11)(6, 7)(8, 20)(9, 21)(12, 13)(18, 19)
42
Conjugacy Classes of group G
----------------------------
[1]     Order 1       Length 1      
Rep Id(G)

[2]     Order 2       Length 7      
Rep (1, 12)(2, 5)(3, 15)(4, 21)(7, 18)(8, 11)(10, 16)(13, 19)(14, 17)

[3]     Order 3       Length 1      
Rep (1, 14, 15)(2, 16, 13)(3, 12, 17)(4, 18, 11)(5, 10, 19)(6, 20, 9)(7, 8, 21)

[4]     Order 3       Length 1      
Rep (1, 15, 14)(2, 13, 16)(3, 17, 12)(4, 11, 18)(5, 19, 10)(6, 9, 20)(7, 21, 8)

[5]     Order 6       Length 7      
Rep (1, 17, 15, 12, 14, 3)(2, 10, 13, 5, 16, 19)(4, 7, 11, 21, 18, 8)(6, 20, 9)

[6]     Order 6       Length 7      
Rep (1, 3, 14, 12, 15, 17)(2, 19, 16, 5, 13, 10)(4, 8, 18, 21, 11, 7)(6, 9, 20)

[7]     Order 7       Length 2      
Rep (1, 6, 12, 18, 19, 13, 7)(2, 8, 14, 20, 17, 11, 5)(3, 4, 10, 16, 21, 15, 9)

[8]     Order 7       Length 2      
Rep (1, 19, 6, 13, 12, 7, 18)(2, 17, 8, 11, 14, 5, 20)(3, 21, 4, 15, 10, 9, 16)

[9]     Order 7       Length 2      
Rep (1, 13, 18, 6, 7, 19, 12)(2, 11, 20, 8, 5, 17, 14)(3, 15, 16, 4, 9, 21, 10)

[10]    Order 21      Length 2      
Rep (1, 2, 4, 6, 8, 10, 12, 14, 16, 18, 20, 21, 19, 17, 15, 13, 11, 9, 7, 5, 3)

[11]    Order 21      Length 2      
Rep (1, 4, 8, 12, 16, 20, 19, 15, 11, 7, 3, 2, 6, 10, 14, 18, 21, 17, 13, 9, 5)

[12]    Order 21      Length 2      
Rep (1, 8, 16, 19, 11, 3, 6, 14, 21, 13, 5, 4, 12, 20, 15, 7, 2, 10, 18, 17, 9)

[13]    Order 21      Length 2      
Rep (1, 3, 5, 7, 9, 11, 13, 15, 17, 19, 21, 20, 18, 16, 14, 12, 10, 8, 6, 4, 2)

[14]    Order 21      Length 2      
Rep (1, 5, 9, 13, 17, 21, 18, 14, 10, 6, 2, 3, 7, 11, 15, 19, 20, 16, 12, 8, 4)

[15]    Order 21      Length 2      
Rep (1, 9, 17, 18, 10, 2, 7, 15, 20, 12, 4, 5, 13, 21, 14, 6, 3, 11, 19, 16, 8)

SD(21,03,04)
g = (1, 2, 4, 6, 8, 10, 12, 14, 16, 18, 20, 21, 19, 17, 15, 13, 11, 9, 7, 5, 3)
h = (2, 8, 11)(3, 9, 10)(4, 16, 21)(5, 17, 20)(6, 19, 12)(7, 18, 13)
63
Conjugacy Classes of group G
----------------------------
[1]     Order 1       Length 1      
Rep Id(G)

[2]     Order 3       Length 1      
Rep (1, 14, 15)(2, 16, 13)(3, 12, 17)(4, 18, 11)(5, 10, 19)(6, 20, 9)(7, 8, 21)

[3]     Order 3       Length 1      
Rep (1, 15, 14)(2, 13, 16)(3, 17, 12)(4, 11, 18)(5, 19, 10)(6, 9, 20)(7, 21, 8)

[4]     Order 3       Length 7      
Rep (1, 8, 3)(2, 16, 13)(4, 19, 20)(5, 9, 18)(6, 11, 10)(7, 17, 15)(12, 14, 21)

[5]     Order 3       Length 7      
Rep (1, 3, 8)(2, 13, 16)(4, 20, 19)(5, 18, 9)(6, 10, 11)(7, 15, 17)(12, 21, 14)

[6]     Order 3       Length 7      
Rep (1, 11, 3)(2, 21, 6)(4, 12, 14)(5, 10, 19)(7, 20, 16)(8, 9, 13)(15, 18, 17)

[7]     Order 3       Length 7      
Rep (1, 3, 11)(2, 6, 21)(4, 14, 12)(5, 19, 10)(7, 16, 20)(8, 13, 9)(15, 17, 18)

[8]     Order 3       Length 7      
Rep (1, 13, 6)(2, 20, 14)(4, 10, 21)(5, 8, 11)(7, 18, 19)(9, 15, 16)

[9]     Order 3       Length 7      
Rep (1, 6, 13)(2, 14, 20)(4, 21, 10)(5, 11, 8)(7, 19, 18)(9, 16, 15)

[10]    Order 7       Length 3      
Rep (1, 6, 12, 18, 19, 13, 7)(2, 8, 14, 20, 17, 11, 5)(3, 4, 10, 16, 21, 15, 9)

[11]    Order 7       Length 3      
Rep (1, 18, 7, 12, 13, 6, 19)(2, 20, 5, 14, 11, 8, 17)(3, 16, 9, 10, 15, 4, 21)

[12]    Order 21      Length 3      
Rep (1, 2, 4, 6, 8, 10, 12, 14, 16, 18, 20, 21, 19, 17, 15, 13, 11, 9, 7, 5, 3)

[13]    Order 21      Length 3      
Rep (1, 4, 8, 12, 16, 20, 19, 15, 11, 7, 3, 2, 6, 10, 14, 18, 21, 17, 13, 9, 5)

[14]    Order 21      Length 3      
Rep (1, 10, 20, 13, 3, 8, 18, 15, 5, 6, 16, 17, 7, 4, 14, 19, 9, 2, 12, 21, 11)

[15]    Order 21      Length 3      
Rep (1, 20, 3, 18, 5, 16, 7, 14, 9, 12, 11, 10, 13, 8, 15, 6, 17, 4, 19, 2, 21)

